0 0 20 4 0 0 0 0 0 0 0 0 0 0 12 0 0 24 0 0 0 0 0 0 0
0 0 8 17 0 0 0 0 12 0 0 0 0 1 4 0 0 0 0 0 0 0 7 24 0
5 0 0 7 0 0 0 0 8 0 0 0 0 0 0 0 14 0 0 0 18 0 0 6 0
0 0 0 0 10 0 0 0 6 24 0 0 23 0 0 0 0 7 0 0 0 0 0 21 0
0 0 0 15 0 0 0 0 0 0 0 0 0 17 0 0 0 21 0 12 1 0 0 0 0
0 12 0 21 0 0 8 0 22 18 0 0 17 6 0 3 0 14 19 0 11 0 0 0 25
0 0 3 0 0 0 21 11 1 0 13 0 0 0 16 22 0 0 4 0 0 0 0 0 0
9 0 0 25 19 0 0 0 0 0 0 0 22 0 0 13 1 16 0 0 4 0 5 20 0
0 15 0 0 0 0 0 0 0 9 0 0 0 7 0 0 24 18 0 0 0 1 0 0 22
20 1 0 0 22 16 0 0 0 0 0 0 0 0 5 0 0 0 7 11 24 17 0 0 6
0 5 0 2 0 0 0 0 0 14 0 0 0 15 0 0 0 0 0 0 22 0 19 11 0
0 0 0 0 18 24 0 0 0 5 0 0 0 0 0 0 0 2 0 0 9 0 25 0 0
0 0 0 0 0 0 0 2 0 0 7 21 0 0 0 0 0 0 15 22 20 0 3 5 0
4 0 0 11 8 0 0 0 19 0 0 3 0 0 0 0 10 0 17 5 0 0 18 7 13
0 0 0 0 0 0 3 0 0 0 12 0 0 0 18 0 19 0 11 16 0 0 0 2 0
14 0 0 0 0 0 0 18 16 0 0 19 0 0 0 0 0 0 8 10 0 20 0 0 0
0 0 17 0 15 0 0 5 0 10 3 0 1 0 0 0 0 0 0 25 0 0 0 12 8
21 0 0 0 2 0 0 22 0 1 0 17 0 0 0 0 0 0 13 3 0 0 0 0 0
0 0 5 20 25 0 0 8 17 0 0 13 0 0 0 0 0 0 0 0 7 0 0 0 0
1 0 0 0 0 0 0 0 0 0 0 0 0 16 10 12 17 19 0 0 0 0 0 0 0
0 0 0 0 0 25 0 2 0 23 0 18 0 0 0 9 0 3 0 4 6 13 0 1 0
8 17 0 0 1 5 0 0 0 0 0 2 0 0 0 0 0 0 0 7 12 0 0 0 0
0 3 0 0 0 0 0 21 0 0 0 7 0 0 0 0 0 13 16 0 0 0 0 0 0
15 0 9 0 0 0 10 0 0 0 0 0 0 0 3 0 12 8 14 0 5 0 0 0 19
0 0 4 0 21 0 0 0 18 0 0 0 12 0 19 0 15 0 0 0 0 0 0 14 7
