9 0 0 0 1 5 3 0 0 0 10 0 0 0 0 0
1 0 16 0 0 12 0 0 0 0 0 0 0 0 9 0
0 0 0 0 0 9 0 0 0 0 0 13 0 0 0 0
7 0 3 0 0 0 0 14 1 0 0 0 5 0 0 0
3 0 8 0 2 0 16 0 0 0 1 5 13 0 0 0
0 0 2 12 0 0 0 1 0 3 0 16 6 0 7 0
16 1 0 0 4 0 0 0 0 9 0 0 0 0 0 3
0 0 0 0 0 0 0 0 6 4 0 0 0 2 16 0
0 3 0 0 0 0 14 12 15 0 0 0 0 7 0 0
11 15 6 0 0 0 2 0 0 0 3 0 9 0 0 4
0 0 0 13 9 0 6 0 0 0 0 0 0 0 0 0
10 0 7 0 13 0 0 0 0 0 16 4 0 5 0 0
0 0 0 0 3 0 0 7 0 0 0 0 0 13 0 0
15 0 10 8 0 0 0 4 0 0 9 0 0 0 0 0
0 0 4 0 0 0 0 10 14 0 0 0 0 9 0 0
0 9 13 3 15 0 0 0 0 0 0 0 0 1 0 14
