0 10 0 0 0 0 0 0 0 3 6 0 0 0 0 0
0 0 6 0 0 0 15 0 16 0 0 0 2 0 7 0
0 7 16 0 6 2 13 3 11 14 0 0 9 4 10 0
0 0 0 0 0 0 8 16 0 7 4 0 0 6 0 12
0 0 0 0 0 13 16 0 0 0 2 0 0 0 0 0
0 2 0 14 0 0 0 0 0 0 10 0 0 0 12 0
0 0 0 0 0 7 0 0 0 0 0 8 0 16 14 9
0 0 0 16 0 0 6 1 0 0 0 0 0 0 0 0
0 0 2 13 4 0 0 11 0 0 14 0 10 0 0 7
0 0 8 0 0 0 0 0 0 13 0 0 16 3 0 0
0 15 3 0 16 13 0 12 0 8 1 0 0 0 0 0
0 0 11 0 2 0 0 0 0 16 7 12 0 0 0 13
0 0 0 0 0 0 0 0 7 0 0 0 15 11 0 0
0 0 0 0 0 11 14 0 12 0 5 0 0 0 0 0
0 0 0 0 0 1 5 0 0 0 0 0 0 0 0 2
11 0 0 0 0 16 0 0 0 0 0 0 12 0 0 5
