0 0 9 0 0 0 0 8 0 7 0 0 0 0 0 15
0 13 0 0 5 14 0 2 10 16 9 0 6 8 3 0
12 8 0 2 7 0 0 0 0 0 0 0 0 0 0 0
16 0 4 0 0 12 0 3 1 0 0 0 0 0 5 0
4 0 14 3 0 0 0 0 15 0 1 0 0 0 0 0
10 0 0 0 14 5 0 0 0 0 0 0 0 7 0 0
0 0 0 0 10 0 0 0 0 0 13 6 0 0 0 14
0 0 2 0 0 15 0 0 5 0 4 0 0 6 16 10
9 0 0 0 0 0 11 0 0 0 0 0 0 0 7 1
3 11 0 0 1 0 0 0 2 15 0 0 0 0 0 0
0 0 0 0 16 0 0 0 12 4 7 1 0 0 0 0
0 0 0 0 4 0 10 6 0 0 0 0 0 0 0 0
0 0 0 0 9 0 0 0 13 0 2 10 8 15 0 0
0 0 0 0 0 0 0 0 6 0 0 0 0 0 13 0
0 0 8 0 0 0 0 0 4 0 0 3 0 0 0 6
0 0 0 9 0 6 8 16 0 0 0 0 0 0 0 0
