0 0 0 0 1 0 14 3 15 7 0 8 0 0 0 0
0 0 0 0 0 0 10 8 4 0 0 2 0 0 0 11
0 8 0 0 0 16 0 2 0 0 0 0 15 0 0 0
0 0 0 0 0 0 0 12 0 0 0 0 0 0 16 0
0 0 0 0 4 0 0 6 11 2 0 0 0 7 0 0
0 15 0 0 11 0 0 0 0 0 0 0 16 13 10 0
11 0 0 7 0 2 5 14 0 0 0 0 0 0 0 0
0 1 0 0 10 0 16 9 0 15 0 14 11 0 0 12
0 10 3 0 0 0 1 4 0 6 0 0 0 9 0 0
7 0 11 0 6 0 0 0 3 0 2 0 0 0 0 0
0 0 6 0 0 0 0 0 1 4 0 5 0 0 0 0
0 0 0 0 0 3 0 0 0 0 0 0 0 0 0 6
0 0 0 0 12 0 0 0 0 5 0 0 0 0 8 0
0 0 13 9 0 0 2 0 6 0 4 7 0 0 1 0
0 0 0 12 0 0 0 0 0 0 0 9 6 11 0 7
0 11 0 0 8 0 0 10 0 0 3 0 0 0 0 15
