0 0 12 0 0 0 0 23 0 0 1 0 8 0 0 0 0 0 0 0 21 9 0 0 0
5 0 1 0 0 15 0 0 0 0 19 0 20 0 0 0 6 24 0 0 11 0 2 0 0
0 0 17 0 0 0 0 11 20 0 0 0 0 6 12 0 0 0 0 0 0 0 0 7 0
0 8 0 0 9 0 6 0 0 17 22 0 4 0 0 0 12 15 0 0 0 25 0 0 0
4 0 0 0 7 0 0 0 0 0 0 2 13 0 16 25 0 0 0 0 0 0 0 0 18
0 9 0 0 0 0 0 19 17 13 0 0 0 2 0 0 0 0 18 3 0 0 24 8 0
0 0 0 0 0 0 0 0 0 0 0 8 0 10 0 0 16 19 0 9 0 0 0 13 0
6 24 0 0 0 0 0 4 0 12 15 0 0 0 0 0 0 0 0 7 23 0 0 0 0
0 2 0 0 0 0 0 0 0 0 0 25 19 0 0 0 0 0 12 0 0 0 11 0 0
0 0 0 23 0 25 0 0 0 0 0 12 9 1 0 0 0 0 8 5 2 0 0 0 0
0 0 6 0 0 11 17 0 0 0 18 16 0 0 0 0 5 13 0 0 0 24 14 2 0
0 0 15 18 0 0 24 0 0 0 25 0 0 0 20 11 14 0 0 0 16 0 0 10 0
10 0 0 0 19 0 2 0 9 1 4 0 7 0 0 0 0 0 0 0 0 0 0 0 0
0 11 0 0 0 7 0 0 18 0 0 0 0 0 0 0 0 23 0 12 0 0 0 0 0
0 0 0 0 0 4 20 0 0 0 3 0 0 0 11 19 10 6 2 0 0 0 0 0 0
9 0 0 0 14 24 0 0 13 0 20 0 0 4 0 0 0 8 15 0 0 18 0 23 0
0 0 0 22 0 0 0 7 1 14 2 0 0 0 0 0 0 0 0 20 0 0 0 11 17
0 0 0 0 0 9 0 0 0 0 11 0 0 0 10 16 7 0 0 0 0 22 0 0 0
0 6 0 7 0 0 18 0 0 0 16 0 24 22 14 0 13 0 0 0 0 2 0 0 0
0 0 23 0 24 0 0 15 0 8 0 0 0 3 0 0 18 0 0 0 0 0 0 0 14
0 0 0 24 1 0 15 0 4 25 0 19 16 0 0 20 0 0 0 0 0 14 0 0 0
0 0 5 0 8 0 0 18 0 0 24 0 0 0 23 0 4 0 6 0 0 0 0 0 0
0 0 0 15 0 0 0 0 10 0 0 1 0 0 0 0 0 11 19 22 0 0 0 0 0
0 0 0 10 0 0 0 0 0 0 8 20 22 0 0 0 0 0 0 14 0 0 0 0 0
0 22 0 0 6 17 21 0 0 0 0 0 10 12 0 7 25 0 23 0 0 0 15 0 0
