0 17 0 5 0 0 0 0 0 24 0 0 0 0 0 0 0 9 0 0 0 0 22 0 19
8 0 0 19 0 18 0 0 6 0 0 0 0 0 0 22 0 11 0 0 0 0 2 0 0
0 0 0 16 0 0 0 0 0 10 0 0 0 15 0 0 0 0 0 2 0 0 24 0 0
0 0 0 0 0 0 0 0 0 0 0 14 12 21 0 0 5 0 25 0 0 0 13 0 0
0 0 0 0 12 7 5 0 0 0 0 20 25 10 6 0 0 0 0 0 14 23 0 0 0
1 0 0 0 21 0 0 5 0 0 0 0 0 0 24 0 20 0 0 10 0 25 0 2 9
5 0 0 0 0 23 7 14 0 0 0 0 9 0 10 2 0 15 0 0 13 0 0 0 0
0 0 0 0 0 2 13 0 0 0 0 0 0 0 0 0 0 0 0 0 0 0 1 0 0
18 8 0 0 17 0 0 0 0 0 0 12 0 0 0 0 0 14 0 0 20 0 16 22 10
15 0 2 0 0 10 21 1 8 0 0 0 18 0 0 0 0 0 0 0 0 0 0 0 0
0 0 12 21 0 4 1 0 23 15 18 6 20 9 2 0 0 13 0 0 0 3 10 0 0
2 19 5 0 3 0 0 0 12 0 0 10 0 0 0 0 14 0 0 9 0 22 0 0 0
0 15 0 0 11 0 10 0 0 0 19 0 0 0 3 0 0 0 16 0 0 0 9 0 7
0 0 24 0 18 0 0 0 7 0 21 4 14 0 0 0 0 0 0 0 0 19 0 15 0
0 0 7 0 0 3 0 0 0 0 0 0 0 25 0 0 0 0 0 0 0 4 14 0 0
17 0 0 25 0 15 0 12 0 0 5 0 0 0 23 19 10 2 0 0 9 24 7 16 0
0 0 0 13 0 0 11 0 0 0 0 19 0 0 0 9 0 0 6 0 0 0 0 0 0
12 0 14 0 0 0 0 6 0 0 0 17 0 1 0 0 0 0 0 0 0 0 0 0 0
0 0 19 15 0 0 0 0 0 7 0 0 24 0 0 0 0 1 0 14 6 0 17 0 0
0 0 23 0 10 0 0 0 0 0 0 0 0 22 0 16 13 0 0 7 0 11 25 0 14
24 0 0 0 23 0 17 7 0 0 0 0 3 0 0 12 0 0 18 0 4 0 8 0 0
0 0 0 18 0 0 0 0 0 12 0 0 0 0 15 0 0 0 9 21 0 0 0 0 24
0 20 0 0 0 0 0 0 13 9 0 0 0 0 0 0 2 0 0 11 0 1 18 0 0
0 0 0 0 0 0 24 0 0 0 0 0 16 7 0 0 25 0 0 0 0 0 0 0 0
0 12 0 0 0 20 0 3 0 0 0 0 0 18 14 0 0 0 24 0 0 17 19 0 0
