0 0 14 6 8 0 0 16 0 0 0 12 0 9 0 0 0 13 0 0 0 0 0 0 0
2 12 0 0 0 0 0 0 17 0 0 23 0 0 24 0 1 5 0 0 0 0 13 8 3
0 0 0 0 0 0 0 6 11 0 0 0 0 0 0 25 0 12 17 3 0 1 0 0 0
11 0 0 0 0 0 0 0 0 0 0 0 0 0 17 8 6 0 0 0 0 0 0 0 0
15 0 17 0 0 0 3 0 0 0 21 0 0 7 0 0 16 19 24 0 14 0 0 0 0
0 15 0 14 0 0 0 0 0 0 0 0 0 0 0 0 0 3 0 0 2 0 10 0 0
0 1 13 0 6 20 0 0 0 9 0 0 0 0 18 0 0 0 21 0 0 0 12 0 8
0 0 0 9 0 0 0 7 0 0 0 0 0 0 0 15 0 0 8 0 0 0 0 13 0
0 0 18 23 0 0 0 0 0 25 0 20 0 0 0 12 0 0 0 24 0 0 6 11 14
0 0 0 17 0 0 0 0 0 0 3 0 0 6 0 18 14 0 0 0 0 0 20 23 0
0 11 0 0 0 0 0 0 0 0 8 0 12 25 0 0 0 0 0 0 6 0 22 0 16
0 0 0 18 23 0 0 21 0 0 0 0 0 0 0 0 0 0 5 0 12 14 0 0 22
0 0 19 0 0 0 0 0 0 0 0 0 0 0 3 16 0 0 9 0 0 0 23 0 0
0 0 0 0 0 0 0 0 0 11 0 7 14 0 0 19 0 0 0 0 0 0 0 0 13
22 0 0 0 0 0 14 0 7 16 0 0 23 0 0 0 0 6 12 0 0 24 0 0 0
0 0 0 13 0 0 22 11 0 0 6 2 15 24 0 0 0 0 23 0 0 19 0 0 20
0 0 2 20 0 0 0 15 0 13 0 0 19 0 14 0 10 0 0 0 0 0 7 0 0
0 0 0 1 0 0 0 3 0 0 22 0 0 0 0 14 0 2 0 8 0 0 0 0 25
14 0 0 0 0 17 12 0 0 0 16 11 0 0 0 20 13 0 0 19 0 18 0 0 0
0 0 3 0 0 0 0 0 0 0 5 0 0 12 0 0 0 24 0 17 0 0 16 4 0
0 0 6 0 0 0 0 0 0 4 0 0 0 0 0 0 0 0 0 0 0 0 25 12 0
16 0 21 0 0 0 0 0 10 0 9 0 0 0 0 23 12 0 3 0 0 2 0 0 18
0 17 0 8 0 0 20 13 3 0 0 0 11 0 25 5 0 1 10 0 4 0 24 0 0
13 9 0 0 0 25 16 5 0 0 4 0 8 0 0 0 0 0 6 0 0 10 0 0 0
5 0 0 0 0 9 0 17 0 14 12 0 13 20 15 24 0 0 0 0 0 0 11 0 0
