0 0 0 0 0 4 13 3 0 0 15 0 0 6 10 0
0 0 0 0 0 0 0 0 7 10 0 0 0 0 15 0
0 0 0 1 7 15 0 0 12 0 9 0 13 0 0 0
0 0 15 0 0 2 0 0 0 0 4 0 0 0 3 0
13 7 0 2 0 4 0 0 0 0 0 0 5 12 14 0
0 0 9 0 0 0 0 14 8 0 0 0 0 0 2 11
0 0 0 0 15 0 0 0 0 16 14 0 0 0 0 0
0 0 0 0 0 0 12 2 9 0 0 0 8 0 6 0
0 0 0 13 0 0 0 7 15 11 2 0 14 0 16 0
0 0 6 0 16 14 2 0 0 4 0 5 7 0 0 0
0 0 0 14 8 0 0 0 0 0 0 7 0 13 0 0
0 0 0 0 0 9 11 0 6 0 0 1 0 0 12 0
0 0 0 16 0 0 0 0 0 0 0 0 0 0 0 4
7 0 0 0 0 0 0 6 0 13 0 3 0 0 9 15
0 0 8 12 2 0 14 0 0 0 0 0 6 0 0 0
0 0 1 0 0 7 0 0 0 0 0 0 0 0 8 0
