0 0 0 0 8 5 0 9 16 0 7 1 0 11 0 3
0 3 11 0 0 0 10 0 9 0 0 0 0 0 0 0
0 0 0 0 0 0 0 11 4 15 0 0 0 0 0 0
12 0 6 0 0 7 0 0 0 0 0 0 0 0 0 0
0 0 0 0 0 0 0 13 3 0 0 7 5 12 0 15
0 0 0 0 0 0 0 0 0 0 0 13 0 0 2 4
0 0 0 0 0 12 0 10 0 0 0 0 0 0 0 0
0 13 0 0 7 3 0 0 0 0 0 0 0 0 0 0
13 6 0 0 0 0 12 4 11 9 5 0 0 0 1 0
4 0 0 7 9 13 3 0 0 14 0 0 11 0 0 5
9 0 0 0 6 0 0 7 15 0 0 0 4 0 0 0
0 0 0 0 0 0 0 0 13 0 0 4 0 3 0 9
0 0 0 0 5 0 0 0 6 13 0 0 1 0 11 0
11 0 0 13 0 0 0 6 0 0 0 3 0 4 0 0
0 0 16 0 0 0 0 3 0 0 0 0 0 0 0 12
0 2 0 0 0 0 0 15 7 5 0 0 0 13 3 6
