10 0 0 0 0 16 0 5 12 0 0 0 0 0 0 0
0 0 0 0 0 0 0 0 0 0 0 0 0 0 9 0
0 0 0 0 0 0 0 0 0 0 11 0 14 0 0 0
11 0 0 0 13 0 0 4 0 0 0 0 16 0 0 0
8 0 0 0 0 0 0 11 3 7 0 0 9 0 10 1
0 11 0 0 9 3 0 0 0 0 0 12 0 0 0 7
4 15 0 7 0 0 12 0 0 0 0 5 0 0 14 16
0 9 0 0 0 0 0 0 0 0 0 10 13 0 12 0
0 0 0 0 2 15 0 3 0 9 0 0 0 14 0 0
3 0 0 0 6 0 0 0 0 0 8 0 0 0 0 0
0 16 0 0 0 0 0 0 0 0 0 2 0 0 15 0
0 0 0 11 16 0 0 0 0 12 0 0 0 9 0 3
15 12 16 14 0 10 1 0 0 2 7 0 0 0 0 0
1 10 6 0 0 2 0 13 0 0 0 8 0 7 3 12
13 0 11 0 14 0 0 8 5 0 0 0 4 0 16 0
0 0 0 0 0 0 11 0 0 0 3 0 0 0 0 14
