5 0 0 2 0 0 0 11 0 10 15 0 0 0 0 0
0 0 0 0 0 0 0 8 0 0 7 0 0 0 10 0
0 0 0 0 0 0 10 16 11 0 2 13 0 0 0 12
0 0 0 0 3 15 4 13 0 16 0 0 7 11 0 8
0 0 1 0 0 13 0 3 0 0 0 0 0 0 7 16
0 2 0 0 0 0 7 15 0 0 0 0 0 0 0 13
0 0 0 11 0 14 2 0 0 0 3 0 12 10 0 0
14 0 16 0 9 0 0 1 0 2 0 0 0 0 11 0
0 0 0 0 0 0 0 4 0 9 0 0 11 0 6 0
13 5 0 0 11 0 15 0 0 3 0 0 4 9 12 10
0 9 12 0 0 10 3 0 0 0 0 0 0 15 0 0
11 0 0 0 0 0 0 9 0 0 1 0 0 0 5 0
9 0 0 12 0 0 0 0 0 1 0 0 0 0 0 0
0 0 0 0 13 8 0 0 0 4 0 0 0 0 0 0
0 1 10 8 0 11 0 0 0 0 0 0 0 0 0 0
0 0 0 0 0 0 5 0 0 0 0 0 0 0 4 0
